10
13
18
21
8
10
16
5
18
16
12
16
14
13
13
17
9
13
11
15
9
10
16
12
15
11
14
8
20
11
6
15
11
17
15
18
9
12
21
12
19
14
17
9
13
9
12
8
21
22
23
15
10
11
12
25
25
10
11
7
24
27
10
11
22
20
11
13
20
15
22
16
12
10
11
22
32
21
22
12
11
15
16
11
22
21
11
18
18
17
9
14
19
23
6
14
12
36
12
6
10
21
15
19
13
6
23
13
10
10
10
19
12
11
6
10
6
12
9
15
17
9
35
13
17
12
11
18
9
17
20
8
10
12
10
12
13
12
19
9
8
19
26
23
18
16
13
13
17
11
9
16
14
20
22
11
22
30
12
9
14
15
10
8
15
11
13
18
7
18
22
11
10
19
13
13
12
10
20
11
20
12
19
11
14
21
6
16
18
23
18
6
7
15
8
26
13
19
8
6
26
14
19
15
13
11
10
18
15
24
15
15
15
9
20
21
13
8
13
9
11
19
10
8
13
13
16
23
9
17
18
26
12
13
11
20
15
11
18
19
27
16
25
12
14
16
6
8
11
11
14
11
9
8
7
14
18
8
13
14
13
7
13
16
20
19
13
12
10
15
17
18
15
19
11
27
9
14
8
22
10
10
13
16
11
13
9
26
24
9
17
13
21
10
19
14
11
11
14
17
9
22
21
17
14
18
15
9
12
25
12
9
11
8
15
18
14
24
7
21
17
25
13
19
28
10
20
9
13
7
17
13
18
12
8
23
26
22
21
18
9
6
8
15
12
17
15
8
11
9
10
8
13
13
19
17
13
7
14
9
21
16
19
8
13
19
14
15
19
11
16
18
10
11
17
11
10
11
10
16
12
13
14
8
16
17
7
17
22
10
21
9
11
10
27
12
10
16
16
11
8
20
14
9
11
7
18
13
20
12
21
6
12
8
9
11
10
6
14
29
10
14
16
27
10
11
7
17
12
13
10
7
12
11
24
20
8
15
13
11
17
16
6
12
7
14
17
6
7
16
11
7
15
8
15
10
6
10
25
23
23
8
25
10
20
30
22
25
19
9
18
15
7
10
7
20
14
21
13
34
16
18
14
7
9
16
20
15
10
15
18
7
10
13
13
21
19
11
15
19
12
16
12
12
14
21
17
22
8
10
8
15
25
23
17
9
17
15
17
10
21
18
12
30
12
26
8
8
8
8
9
9
9
14
25
12
14
12
21
9
9
17
10
15
20
16
8
29
16
13
20
10
17
24
19
14
10
13
6
17
20
12
14
10
9
12
13
7
15
7
12
7
7
15
12
15
14
14
17
15
30
12
18
13
8
15
13
20
23
9
13
15
9
19
10
9
11
10
19
13
10
9
7
8
13
16
17
21
13
11
13
26
15
11
8
14
10
9
6
12
9
19
19
14
8
13
11
16
24
9
8
27
22
11
14
7
7
18
12
20
11
18
20
15
5
7
13
13
10
9
8
16
22
20
9
15
14
19
12
11
15
14
7
8
15
10
14
13
11
21
12
13
30
11
8
8
10
9
16
19
21
22
11
11
10
20
12
11
24
16
21
11
21
8
17
8
6
6
15
8
13
18
8
9
12
7
12
22
11
11
10
13
11
10
22
19
7
15
26
10
8
14
13
27
23
14
12
17
22
10
12
21
17
16
6
12
10
8
13
18
19
6
13
11
11
17
9
11
25
12
11
19
20
15
14
16
17
16
10
10
11
22
13
18
10
12
13
13
11
7
12
9
11
17
11
17
15
21
14
17
6
14
10
11
25
21
15
15
12
15
7
12
13
18
10
12
13
14
23
8
13
8
16
7
34
15
17
12
11
9
7
19
9
23
16
17
14
20
10
13
9
11
18
15
12
8
9
15
13
19
12
15
11
11
13
9
11
20
14
10
21
21
13
15
11
9
25
9
22
9
8
11
10
9
17
11
14
11
22
12
25
9
9
10
10
17
24
16
21
12
13
21
13
7
9
7
15
14
12
6
17
14
10
9
11
23
9
13
8
8
19
19
18
17
9
16
23
24
16
16
18
26
10
15
13
12
15
8
10
7
17
25
13
16
7
12
11
14
14
11
15
12
8
19
14
13
15
13
14
14
17
8
8
23
9
9
22
13
10
15
18
27
9
14
20
9
7
24
13
20
15
9
16
14
19
12
10
12
10
16
19
16
11
12
13
16
15
12
11
10
21
12
21
23
18
9
12
15
14
14
14
6
8
21
11
17
8
11
12
9
12
21
15
12
15
21
18
10
22
11
